201900002 어현재 65 70 76
201900004 박원지 40 74 57
201900006 서화정 40 45 35
201900012 한균형 55 72 47
201900014 김창수 65 83 61
201900023 우국승 30 10 5
201900028 김필영 50 53 72
201900030 김원재 50 51 79
201900031 정준용 40 46 24
201900037 원일성 75 77 77
201900039 이걸병 10 4 20
201900045 조욱선 35 53 19
201900046 배용승 50 71 66
201900047 최미은 60 57 45
201900048 주진명 45 40 43
201900050 남혜미 50 71 72
201900054 김호정 60 59 76
201900060 이정혜 65 74 31
201900062 권원혜 65 67 40
201900064 김태규 45 42 23
201900065 김훈성 50 41 34
201900077 박후찬 50 42 55
201900078 김홍민 70 72 74
201900080 윤화세 80 100 85
201900081 오석인 45 77 31
201900092 심재민 60 56 65
201800001 박진여 60 84 83
201800004 이만경 55 58 47
201800011 권협성 55 50 44
201800024 김희명 80 88 74
201800037 서미현 70 75 68
201800056 송경민 60 80 70
201800070 장혁기 45 29 45
201800076 남환영 40 54 65
201800079 천연복 50 72 63
201800085 이애우 75 63 67
201800088 노철현 65 63 65
201800090 최준석 50 52 48
201800092 하상준 55 74 70